70000000000.0000
70000000000.0000
70000000000.0000
70000000000.0000
70000000000.0000
70000000000.0000
70000000000.0000
70000000000.0000
70000000000.0000
70000000000.0000
70000000000.0000
70000000000.0000
70000000000.0000
70000000000.0000
70000000000.0000
70000000000.0000
70000000000.0000
70000000000.0000
70000000000.0000
70000000000.0000
70000000000.0000
70000000000.0000
70000000000.0000
70000000000.0000
70000000000.0000
70000000000.0000
70000000000.0000
70000000000.0000
70000000000.0000
70000000000.0000
70000000000.0000
70000000000.0000
70000000000.0000
70000000000.0000
70000000000.0000
70000000000.0000
70000000000.0000
70000000000.0000
70000000000.0000
70000000000.0000
